N m samples mean_error median_error stddev_error
2 2 100 247.295297623 150.132995605 224.384485775
2 4 100 245.97669558 181.718185425 273.028490822
2 8 100 164.923939342 97.5901641846 150.581539921
2 16 100 103.678228106 35.8563899994 175.095501841
2 32 100 25.3205015981 17.6766300201 26.5392356337
2 64 100 7.63585550785 5.24797129631 6.66379806242
2 128 100 3.27433746338 2.57356882095 2.53635236679
2 256 100 1.78252370238 1.58731371164 0.681411317581
2 512 100 1.48765579522 2.32018041611 1.74146021125
2 1024 100 1.02040697038 0.979393690825 0.249176325401
4 2 100 145.000905666 92.0133476257 153.834983516
4 4 100 102.590927663 61.3875255585 109.382214981
4 8 100 70.7775559962 36.3664646149 109.705389079
4 16 100 32.3533924603 18.6845293045 44.2911582377
4 32 100 8.65697892785 5.73645782471 7.40508836346
4 64 100 3.48058195353 2.43597018719 2.91047988345
4 128 100 1.85820716262 1.58161407709 0.847094974351
4 256 100 1.31592513561 1.26746982336 0.338545713615
4 512 100 1.03112281203 1.70070368052 0.767049925688
4 1024 100 0.848925804198 0.803179770708 0.213604371245
8 2 100 64.1529600191 43.3865375519 60.8959423742
8 4 100 36.3153345132 25.7121019363 43.1208741384
8 8 100 23.0666728663 18.2605638504 20.3923811436
8 16 100 9.8583655858 6.95392155647 7.99207349527
8 32 100 3.84530009091 2.58988630772 3.11795928232
8 64 100 1.89776391923 1.73127806187 1.22909771661
8 128 100 1.34573082805 1.24377650023 0.427493711494
8 256 100 0.98003395021 0.907785564661 0.246645194996
8 512 100 0.75954126596 1.09363210201 0.533527526614
8 1024 100 0.656231773496 0.647833913565 0.106484864192
16 2 100 26.0767630577 20.6989240646 19.4307879324
16 4 100 18.4877017856 16.6469306946 12.9749330504
16 8 100 10.4358212638 7.33797264099 8.08785813394
16 16 100 3.83494513273 3.09276235104 2.62116961651
16 32 100 2.18388202488 1.94259923697 1.14913551541
16 64 100 1.38573022366 1.30152243376 0.443825319696
16 128 100 1.01446568608 0.976994335651 0.259630701081
16 256 100 0.791407931447 0.760835051537 0.149149955307
16 512 100 0.660459651649 0.816103935242 0.296212083859
16 1024 100 0.55533490628 0.549193173647 0.075425222449
32 2 100 17.1239738035 15.4063706398 9.88561439405
32 4 100 11.8247099304 9.04217576981 7.25999126034
32 8 100 5.76585914373 4.00772976875 4.78835389792
32 16 100 2.87030657887 2.62025809288 1.16566856758
32 32 100 1.58272523284 1.48643630743 0.549666372719
32 64 100 1.11875247777 1.06736320257 0.295500126782
32 128 100 0.835074082017 0.813343316317 0.157912112474
32 256 100 0.660198391974 0.643708586693 0.101662914961
32 512 100 0.566502886415 0.552322685719 0.0833945541141
32 1024 100 0.471566238701 0.466082528234 0.052512259462
64 2 100 13.6419859648 12.9037055969 6.78152927201
64 4 100 7.50017084241 7.0848505497 4.19354581602
64 8 100 3.73647647619 3.54980874062 1.59284307891
64 16 100 1.96652551413 1.84010410309 0.932301180149
64 32 100 1.23182926953 1.12471854687 0.40520400249
64 64 100 0.829525243044 0.792162358761 0.169482579443
64 128 100 0.682858102918 0.660776883364 0.118862097416
64 256 100 0.577230553925 0.557098925114 0.0932265676867
64 512 100 0.490851257443 0.483660697937 0.0724493968365
64 1024 100 0.42713459909 0.428099066019 0.0396930119555
128 2 100 11.2526319718 10.4232969284 5.5632650557
128 4 100 4.94672797203 4.75181508064 2.24584034034
128 8 100 2.56571570277 2.41845691204 0.919883203189
128 16 100 1.48478462875 1.42869597673 0.508921224591
128 32 100 0.965203796029 0.935691922903 0.218141897911
128 64 100 0.705512008965 0.688687860966 0.134349861143
128 128 100 0.567111069262 0.557111948729 0.0759655809845
128 256 100 0.481631580591 0.48202469945 0.0554671342269
128 512 100 0.413005740047 0.410601690412 0.0462985122507
128 1024 100 0.37973991096 0.375670775771 0.0266114156011
256 2 100 7.32829969168 6.69327735901 2.87201398917
256 4 100 3.95027303934 3.51048004627 1.73993792317
256 8 100 2.02732010126 1.88343566656 0.746474747073
256 16 100 1.04022053599 0.96331679821 0.290465067175
256 32 100 0.748372825384 0.727295607328 0.148325612671
256 64 100 0.588502551615 0.573445111513 0.0791227037099
256 128 100 0.481274503171 0.4782987535 0.0556456043111
256 256 100 0.415378802717 0.41241016984 0.0388512078996
256 512 100 0.362684011161 0.362383678555 0.0313824408323
256 1024 100 0.34892675072 0.34483319521 0.027910838394
512 2 100 5.53138939142 5.22144770622 1.97331694362
512 4 100 2.94526828289 2.73399221897 1.02188394148
512 8 100 1.59188822448 1.50354856253 0.497966435214
512 16 100 0.873306974769 0.805348306894 0.234313351446
512 32 100 0.630470139384 0.615596801043 0.105708789841
512 64 100 0.497476033568 0.488818734884 0.0589540380691
512 128 100 0.430692158043 0.428373739123 0.0430797767959
512 256 100 0.3843666628 0.38114015758 0.0325513917711
512 512 100 0.336944536269 0.335413947701 0.0313576385993
512 1024 100 0.32244228363 0.323546797037 0.0270447421502
1024 2 100 4.80327885628 4.4111623764 1.87915114633
1024 4 100 2.34457744002 2.21270394325 0.776926662655
1024 8 100 1.15029067755 1.11205333471 0.308873983517
1024 16 100 0.665050042868 0.649630755186 0.109966135711
1024 32 100 0.519544623494 0.511822640896 0.0625933252161
1024 64 100 0.43977666378 0.442127645016 0.03542874008
1024 128 100 0.391048446894 0.388326093554 0.0411526504829
1024 256 100 0.349291721582 0.351862952113 0.0316100766142
1024 512 100 0.308363693058 0.309805646539 0.0250470885358
1024 1024 100 0.299002599865 0.298141956329 0.0215825409905
2048 2 100 3.63462831259 3.66689777374 1.15537806993
2048 4 100 1.72767468512 1.69305706024 0.572256382943
2048 8 100 0.858777814507 0.805799454451 0.243787140341
2048 16 100 0.568870669007 0.563084334135 0.0828541691193
2048 32 100 0.455860280991 0.453938856721 0.0424844119833
2048 64 100 0.397149898112 0.399737030268 0.032498005064
2048 128 100 0.353897130787 0.349579125643 0.030791126186
2048 256 100 0.321234996021 0.318600893021 0.0245657968582
2048 512 100 0.286550916284 0.287848591805 0.0217460808153
2048 1024 100 0.285678212196 0.282914206386 0.0212482814053
4096 2 100 2.84799080014 2.65519416332 1.13783342783
4096 4 100 1.38581014514 1.3151794672 0.51327977344
4096 8 100 0.695553027987 0.67562481761 0.125032398554
4096 16 100 0.490300899744 0.476193919778 0.061192194114
4096 32 100 0.403936367631 0.396368667483 0.036848971704
4096 64 100 0.363204135001 0.360860288143 0.0316168899453
4096 128 100 0.321162340343 0.322293639183 0.0247247460439
4096 256 100 0.298174272776 0.295925348997 0.0215575215912
4096 512 100 0.267150023729 0.266671150923 0.0188319076792
4096 1024 100 0.268827733994 0.266013815999 0.0190659504561
8192 2 100 2.26242894471 2.17382121086 0.791110848654
8192 4 100 0.988390894532 0.912143349648 0.334195622514
8192 8 100 0.591791269779 0.566348999739 0.109939673511
8192 16 100 0.425080892444 0.425510644913 0.045052803074
8192 32 100 0.367835705876 0.364604830742 0.0331730382449
8192 64 100 0.336699124575 0.338387459517 0.0245328053058
8192 128 100 0.299490782917 0.298322722316 0.021121727687
8192 256 100 0.278812461048 0.27936296165 0.0196937571989
8192 512 100 0.257362166941 0.255154415965 0.0164431574329
8192 1024 100 0.257433083206 0.257028415799 0.0155182044592
16384 2 100 1.63718553066 1.56877839565 0.509994970744
16384 4 100 0.794829950333 0.748793035746 0.210731615386
16384 8 100 0.482717758417 0.479900628328 0.0633871395199
16384 16 100 0.378876049519 0.37709929049 0.0299861737373
16384 32 100 0.33886709094 0.333653494716 0.0299204949594
16384 64 100 0.314744917154 0.315380692482 0.0241429445182
16384 128 100 0.286354826838 0.286993816495 0.0242710287141
16384 256 100 0.267227733731 0.265387460589 0.0178395367679
16384 512 100 0.24497444883 0.243793308735 0.015879746393
16384 1024 100 0.245860313326 0.246267832816 0.0177471501211
8 1 100 190.657630973 115.463626862 204.799222104
16 1 100 123.825314071 90.5458297729 124.028039884
32 1 100 54.2196502411 24.1641788483 98.0254200424
64 1 100 15.3884461915 9.76519536972 17.1577112349
128 1 100 6.4637759316 4.11795902252 6.56449479099
256 1 100 2.69035779357 2.33477461338 1.71250939438
512 1 100 1.76864642441 1.54647225142 0.688889548049
1024 1 100 1.29799920797 1.2286310792 0.368366726439
2048 1 100 1.03147473156 0.98179858923 0.24433792008
4096 1 100 0.819982526898 0.813680708408 0.137045844443
8192 1 100 0.686694205403 0.682746529579 0.0853034562964
16384 1 100 0.584035033882 0.576545476913 0.0641066787091
32768 1 100 0.515163310468 0.510663211346 0.0580232538037
65536 1 100 0.448623199761 0.447353005409 0.0440597567678
131072 1 10 0.409138312936 0.413014546037 0.034873339978
262144 1 10 0.376416444778 0.367286473513 0.033874573849
524288 1 10 0.325956729054 0.322641730309 0.0155885965671
1048576 1 10 0.315661686659 0.307560399175 0.0311839967074
2097152 1 10 0.299188375473 0.302174136043 0.0243280487765
