dev N m r t t1 t2 t3 t4 t5 t6 t7 total
ocl_gtx280_novose 2 256 1 1 0 61 62 53 197 25 42 440
ocl_gtx280_novose 4 256 1 1 0 62 62 53 195 25 43 440
ocl_gtx280_novose 8 256 1 1 0 69 64 53 195 25 43 449
ocl_gtx280_novose 16 256 1 1 0 71 64 57 196 26 48 462
ocl_gtx280_novose 32 256 1 1 0 90 74 92 196 25 55 532
ocl_gtx280_novose 64 256 1 1 0 111 94 132 196 25 66 624
ocl_gtx280_novose 128 256 1 1 0 153 119 211 155 37 115 790
ocl_gtx280_novose 256 256 1 1 0 236 179 366 160 40 177 1158
ocl_gtx280_novose 512 256 1 1 0 413 311 680 166 39 334 1943
ocl_gtx280_novose 1024 256 1 1 0 763 570 1333 174 46 610 3496
ocl_gtx280_novose 2048 256 1 1 0 1466 1091 2609 183 59 1163 6571
ocl_gtx280_novose 4096 256 1 1 0 2861 2116 5183 202 84 2276 12722
ocl_gtx280_novose 8192 256 1 1 0 5269 4172 10319 237 140 4528 24665
ocl_gtx280_novose 16384 256 1 1 0 10498 8283 20575 338 251 9005 48950
ocl_gtx280_novose 32768 256 1 1 0 20974 16508 41129 536 458 17910 97515
ocl_gtx280_vose 2 256 1 1 0 61 62 53 195 25 83 479
ocl_gtx280_vose 4 256 1 1 0 62 68 53 196 25 84 488
ocl_gtx280_vose 8 256 1 1 0 68 61 53 221 25 85 513
ocl_gtx280_vose 16 256 1 1 0 71 66 57 229 25 88 536
ocl_gtx280_vose 32 256 1 1 0 83 71 92 229 26 101 602
ocl_gtx280_vose 64 256 1 1 0 104 91 132 164 35 128 654
ocl_gtx280_vose 128 256 1 1 0 143 123 211 158 34 231 900
ocl_gtx280_vose 256 256 1 1 0 230 185 366 165 38 394 1378
ocl_gtx280_vose 512 256 1 1 0 403 312 679 169 38 736 2337
ocl_gtx280_vose 1024 256 1 1 0 750 571 1333 174 45 1402 4275
ocl_gtx280_vose 2048 256 1 1 0 1432 1091 2609 186 58 2773 8149
ocl_gtx280_vose 4096 256 1 1 0 2794 2121 5183 202 86 5443 15829
ocl_gtx280_vose 8192 256 1 1 0 5524 4185 10300 231 137 10848 31225
ocl_gtx280_vose 16384 256 1 1 0 10996 8306 20566 359 253 21628 62108
ocl_gtx480_novose 2 256 1 1 0 33 42 34 63 17 30 219
ocl_gtx480_novose 4 256 1 1 0 33 42 34 62 18 30 219
ocl_gtx480_novose 8 256 1 1 0 35 42 34 71 23 31 236
ocl_gtx480_novose 16 256 1 1 0 37 44 37 72 25 31 246
ocl_gtx480_novose 32 256 1 1 0 46 48 40 72 23 34 263
ocl_gtx480_novose 64 256 1 1 0 57 60 51 73 19 44 304
ocl_gtx480_novose 128 256 1 1 0 78 77 90 72 18 69 404
ocl_gtx480_novose 256 256 1 1 0 121 111 134 73 21 108 568
ocl_gtx480_novose 512 256 1 1 0 212 168 238 79 26 192 915
ocl_gtx480_novose 1024 256 1 1 0 396 280 443 82 35 356 1592
ocl_gtx480_novose 2048 256 1 1 0 762 500 844 98 53 677 2934
ocl_gtx480_novose 4096 256 1 1 0 1493 936 1649 98 88 1318 5582
ocl_gtx480_novose 8192 256 1 1 0 2975 1805 3257 94 159 2600 10890
ocl_gtx480_novose 16384 256 1 1 0 6016 3548 6474 116 302 5161 21617
ocl_gtx480_novose 32768 256 1 1 0 12294 7030 12907 274 589 10287 43381
ocl_gtx480_vose 2 256 1 1 0 32 43 34 72 23 58 262
ocl_gtx480_vose 4 256 1 1 0 32 42 34 72 24 58 262
ocl_gtx480_vose 8 256 1 1 0 33 42 34 72 22 58 261
ocl_gtx480_vose 16 256 1 1 0 36 44 36 73 21 61 271
ocl_gtx480_vose 32 256 1 1 0 45 48 40 72 19 65 289
ocl_gtx480_vose 64 256 1 1 0 57 59 51 72 18 80 337
ocl_gtx480_vose 128 256 1 1 0 78 77 90 73 19 136 473
ocl_gtx480_vose 256 256 1 1 0 128 110 134 71 22 221 686
ocl_gtx480_vose 512 256 1 1 0 225 167 238 74 26 412 1142
ocl_gtx480_vose 1024 256 1 1 0 423 280 443 88 35 790 2059
ocl_gtx480_vose 2048 256 1 1 0 810 501 844 98 53 1521 3827
ocl_gtx480_vose 4096 256 1 1 0 1590 936 1648 98 89 2986 7347
ocl_gtx480_vose 8192 256 1 1 0 3176 1805 3255 95 160 5917 14408
ocl_gtx480_vose 16384 256 1 1 0 6445 3546 6468 116 302 11771 28648
ocl_gtx480_vose 32768 256 1 1 0 13138 7030 12894 277 589 23478 57406
ocl_gtx580_novose 2 256 1 1 0 33 78 100 88 19 30 348
ocl_gtx580_novose 4 256 1 1 0 33 82 102 83 19 30 349
ocl_gtx580_novose 8 256 1 1 0 34 81 102 85 20 30 352
ocl_gtx580_novose 16 256 1 1 0 34 81 103 84 20 30 352
ocl_gtx580_novose 32 256 1 1 0 40 112 80 80 20 31 363
ocl_gtx580_novose 64 256 1 1 0 50 154 62 70 20 39 395
ocl_gtx580_novose 128 256 1 1 0 65 169 85 67 20 63 469
ocl_gtx580_novose 256 256 1 1 0 97 169 125 68 22 96 577
ocl_gtx580_novose 512 256 1 1 0 233 157 212 73 26 166 867
ocl_gtx580_novose 1024 256 1 1 0 281 253 381 75 33 300 1323
ocl_gtx580_novose 2048 256 1 1 0 530 438 720 89 49 569 2395
ocl_gtx580_novose 4096 256 1 1 0 1025 805 1392 94 78 1107 4501
ocl_gtx580_novose 8192 256 1 1 0 2007 1538 2739 89 136 2179 8688
ocl_gtx580_novose 16384 256 1 1 0 3988 3005 5425 117 254 4381 17170
ocl_gtx580_novose 32768 256 1 1 0 7933 5935 10803 490 492 8606 34259
ocl_gtx580_vose 2 256 1 1 0 34 148 45 73 19 53 372
ocl_gtx580_vose 4 256 1 1 0 34 151 44 71 19 54 373
ocl_gtx580_vose 8 256 1 1 0 34 150 45 71 19 55 374
ocl_gtx580_vose 16 256 1 1 0 34 154 45 70 19 55 377
ocl_gtx580_vose 32 256 1 1 0 41 162 46 70 19 58 396
ocl_gtx580_vose 64 256 1 1 0 52 158 50 68 20 69 417
ocl_gtx580_vose 128 256 1 1 0 149 91 85 73 20 122 540
ocl_gtx580_vose 256 256 1 1 0 152 100 124 66 22 193 657
ocl_gtx580_vose 512 256 1 1 0 164 155 211 66 26 357 979
ocl_gtx580_vose 1024 256 1 1 0 297 252 382 70 33 662 1696
ocl_gtx580_vose 2048 256 1 1 0 557 438 719 89 49 1277 3129
ocl_gtx580_vose 4096 256 1 1 0 1079 804 1391 92 79 2507 5952
ocl_gtx580_vose 8192 256 1 1 0 2116 1536 2735 89 137 4962 11575
ocl_gtx580_vose 16384 256 1 1 0 4205 3003 5421 120 255 9925 22929
ocl_gtx580_vose 32768 256 1 1 0 8372 5935 10796 491 492 19669 45755
ocl_hd6970_novose 2 256 1 1 0 114 491 99 108 69 81 962
ocl_hd6970_novose 4 256 1 1 0 113 486 98 108 69 80 954
ocl_hd6970_novose 8 256 1 1 0 114 486 99 108 69 80 956
ocl_hd6970_novose 16 256 1 1 0 154 523 116 128 111 97 1129
ocl_hd6970_novose 32 256 1 1 0 193 552 142 139 124 115 1265
ocl_hd6970_novose 64 256 1 1 0 244 568 177 144 129 137 1399
ocl_hd6970_novose 128 256 1 1 0 234 563 182 133 126 136 1374
ocl_hd6970_novose 256 256 1 1 0 305 614 287 136 132 181 1655
ocl_hd6970_novose 512 256 1 1 0 509 713 438 137 147 302 2246
ocl_hd6970_novose 1024 256 1 1 0 838 872 726 143 173 476 3228
ocl_hd6970_novose 2048 256 1 1 0 1522 1273 1329 162 266 839 5391
ocl_hd6970_novose 4096 256 1 1 0 2810 1860 2476 177 408 1523 9254
ocl_hd6970_novose 8192 256 1 1 0 5403 2966 4759 198 636 2876 16838
ocl_hd6970_novose 16384 256 1 1 0 10594 5161 9313 261 1117 5583 32029
ocl_hd6970_vose 2 256 1 1 0 119 497 102 111 75 104 1008
ocl_hd6970_vose 4 256 1 1 0 162 529 119 130 120 125 1185
ocl_hd6970_vose 8 256 1 1 0 164 533 121 132 121 131 1202
ocl_hd6970_vose 16 256 1 1 0 150 520 115 126 106 130 1147
ocl_hd6970_vose 32 256 1 1 0 128 492 107 110 71 130 1038
ocl_hd6970_vose 64 256 1 1 0 157 510 119 115 82 146 1129
ocl_hd6970_vose 128 256 1 1 0 232 573 182 134 125 249 1495
ocl_hd6970_vose 256 256 1 1 0 319 617 287 136 133 344 1836
ocl_hd6970_vose 512 256 1 1 0 523 719 439 138 145 534 2498
ocl_hd6970_vose 1024 256 1 1 0 879 943 730 149 166 914 3781
ocl_hd6970_vose 2048 256 1 1 0 1582 1299 1334 166 270 1682 6333
ocl_hd6970_vose 4096 256 1 1 0 2927 1893 2472 186 399 3176 11053
ocl_hd6970_vose 8192 256 1 1 0 5618 2969 4761 206 617 6152 20323
ocl_hd6970_vose 16384 256 1 1 0 11008 5129 9308 248 1106 12096 38895
ocl_i7-2820QM_novose 2 128 1 1 0 411 68 70 109 67 94 819
ocl_i7-2820QM_novose 4 128 1 1 0 403 68 68 106 53 75 773
ocl_i7-2820QM_novose 8 128 1 1 0 407 88 80 92 50 65 782
ocl_i7-2820QM_novose 16 128 1 1 0 420 121 132 104 74 106 957
ocl_i7-2820QM_novose 32 128 1 1 0 449 180 231 130 98 185 1273
ocl_i7-2820QM_novose 64 128 1 1 0 708 305 415 218 105 299 2050
ocl_i7-2820QM_novose 128 128 1 1 0 1013 551 769 382 112 515 3342
ocl_i7-2820QM_novose 256 128 1 1 0 1646 1060 1482 1116 113 971 6388
ocl_i7-2820QM_novose 512 128 1 1 0 2902 2091 2938 2868 88 1862 12749
ocl_i7-2820QM_novose 1024 128 1 1 0 5655 4314 6112 4695 96 3601 24473
ocl_i7-2820QM_novose 2048 128 1 1 0 11170 8466 11966 6003 162 7336 45103
ocl_i7-2820QM_novose 4096 128 1 1 0 22309 17564 25141 6291 319 15303 86927
ocl_i7-2820QM_novose 8192 128 1 1 0 45089 35432 50228 5712 645 31207 168313
ocl_i7-2820QM_novose 16384 128 1 1 0 90723 70573 101500 5416 1275 62285 331772
ocl_i7-2820QM_novose 32768 128 1 1 0 182653 141218 202487 5367 2346 124342 658413
ocl_i7-2820QM_vose 2 128 1 1 0 496 77 78 110 67 112 940
ocl_i7-2820QM_vose 4 128 1 1 0 460 73 70 104 57 104 868
ocl_i7-2820QM_vose 8 128 1 1 0 394 88 76 123 40 92 813
ocl_i7-2820QM_vose 16 128 1 1 0 415 118 121 100 50 147 951
ocl_i7-2820QM_vose 32 128 1 1 0 437 179 218 163 92 267 1356
ocl_i7-2820QM_vose 64 128 1 1 0 690 302 376 247 108 459 2182
ocl_i7-2820QM_vose 128 128 1 1 0 987 539 703 603 119 848 3799
ocl_i7-2820QM_vose 256 128 1 1 0 1586 1029 1351 2100 84 1609 7759
ocl_i7-2820QM_vose 512 128 1 1 0 3023 2067 2702 5085 87 3177 16141
ocl_i7-2820QM_vose 1024 128 1 1 0 5877 4169 5458 5047 102 6355 27008
ocl_i7-2820QM_vose 2048 128 1 1 0 11595 8364 10863 5858 161 12958 49799
ocl_i7-2820QM_vose 4096 128 1 1 0 23244 17212 22655 4886 321 26768 95086
ocl_i7-2820QM_vose 8192 128 1 1 0 46570 34511 45246 5075 647 54282 186331
ocl_i7-2820QM_vose 16384 128 1 1 0 93936 68879 90735 5689 1225 109053 369517
ocl_i7-2820QM_vose 32768 128 1 1 0 187398 137386 180918 4639 2343 219609 732293
ocl_X5650_novose 2 128 1 1 0 251 113 84 104 37 76 665
ocl_X5650_novose 4 128 1 1 0 248 114 93 102 40 79 676
ocl_X5650_novose 8 128 1 1 0 255 118 105 101 43 82 704
ocl_X5650_novose 16 128 1 1 0 272 117 122 99 51 83 744
ocl_X5650_novose 32 128 1 1 0 272 157 140 103 62 107 841
ocl_X5650_novose 64 128 1 1 0 395 212 196 102 62 145 1112
ocl_X5650_novose 128 128 1 1 0 548 348 339 104 57 231 1627
ocl_X5650_novose 256 128 1 1 0 837 610 603 108 56 397 2611
ocl_X5650_novose 512 128 1 1 0 1422 1107 1110 116 63 725 4543
ocl_X5650_novose 1024 128 1 1 0 2696 2093 2121 129 78 1380 8497
ocl_X5650_novose 2048 128 1 1 0 5225 4149 4200 245 116 2683 16618
ocl_X5650_novose 4096 128 1 1 0 10168 8290 8263 184 201 5280 32386
ocl_X5650_novose 8192 128 1 1 0 19939 16597 16269 215 349 10439 63808
ocl_X5650_novose 16384 128 1 1 0 39250 33274 32398 238 599 20758 126517
ocl_X5650_novose 32768 128 1 1 0 77896 66930 64406 477 1018 41356 252083
ocl_X5650_vose 2 128 1 1 0 259 113 80 109 36 110 707
ocl_X5650_vose 4 128 1 1 0 256 115 89 103 40 117 720
ocl_X5650_vose 8 128 1 1 0 262 117 100 101 44 127 751
ocl_X5650_vose 16 128 1 1 0 277 112 118 99 53 133 792
ocl_X5650_vose 32 128 1 1 0 295 152 136 104 64 184 935
ocl_X5650_vose 64 128 1 1 0 417 202 192 105 66 261 1243
ocl_X5650_vose 128 128 1 1 0 568 334 330 106 65 446 1849
ocl_X5650_vose 256 128 1 1 0 871 586 584 107 59 789 2996
ocl_X5650_vose 512 128 1 1 0 1540 1071 1073 115 64 1475 5338
ocl_X5650_vose 1024 128 1 1 0 2915 2013 2063 133 79 2852 10055
ocl_X5650_vose 2048 128 1 1 0 5595 3970 4054 156 117 5614 19506
ocl_X5650_vose 4096 128 1 1 0 10849 7999 8007 185 203 11113 38356
ocl_X5650_vose 8192 128 1 1 0 21277 15908 15823 222 365 22070 75665
ocl_X5650_vose 16384 128 1 1 0 42130 31853 31285 234 559 43810 149871
ocl_X5650_vose 32768 128 1 1 0 82989 64382 61300 649 1029 86892 297241
ocl_e5-2680_novose 2 128 1 1 0 262 133 121 229 63 91 899
ocl_e5-2680_novose 4 128 1 1 0 254 133 126 205 74 87 879
ocl_e5-2680_novose 8 128 1 1 0 264 148 160 179 99 98 948
ocl_e5-2680_novose 16 128 1 1 0 277 130 154 227 99 104 991
ocl_e5-2680_novose 32 128 1 1 0 229 127 128 144 125 102 855
ocl_e5-2680_novose 64 128 1 1 0 318 170 184 145 138 134 1089
ocl_e5-2680_novose 128 128 1 1 0 415 237 281 172 158 195 1458
ocl_e5-2680_novose 256 128 1 1 0 594 374 475 240 206 310 2199
ocl_e5-2680_novose 512 128 1 1 0 947 638 837 379 174 532 3507
ocl_e5-2680_novose 1024 128 1 1 0 1677 1080 1474 529 200 952 5912
ocl_e5-2680_novose 2048 128 1 1 0 3051 1939 2714 200 148 1728 9780
ocl_e5-2680_novose 4096 128 1 1 0 6158 3812 5393 1171 176 3456 20166
ocl_e5-2680_novose 8192 128 1 1 0 12203 7510 10716 4752 258 7575 43014
ocl_e5-2680_novose 16384 128 1 1 0 23045 14884 21330 5096 521 14354 79230
ocl_e5-2680_novose 32768 128 1 1 0 45434 29876 42364 4828 1029 27414 150945
ocl_gtx680_novose 2 256 1 1 0 35 34 28 63 21 24 205
ocl_gtx680_novose 4 256 1 1 0 36 35 28 64 21 24 208
ocl_gtx680_novose 8 256 1 1 0 37 35 28 61 21 25 207
ocl_gtx680_novose 16 256 1 1 0 39 35 29 61 21 26 211
ocl_gtx680_novose 32 256 1 1 0 45 38 32 64 22 28 229
ocl_gtx680_novose 64 256 1 1 0 53 42 54 63 22 36 270
ocl_gtx680_novose 128 256 1 1 0 69 55 80 63 23 55 345
ocl_gtx680_novose 256 256 1 1 0 97 80 132 65 25 87 486
ocl_gtx680_novose 512 256 1 1 0 157 133 232 65 29 152 768
ocl_gtx680_novose 1024 256 1 1 0 282 235 434 65 36 283 1335
ocl_gtx680_novose 2048 256 1 1 0 533 441 836 66 51 543 2470
ocl_gtx680_novose 4096 256 1 1 0 1026 848 1642 73 80 1060 4729
ocl_gtx680_novose 8192 256 1 1 0 2024 1667 3254 83 137 2099 9264
ocl_gtx680_novose 16384 256 1 1 0 4013 3299 6417 133 246 4133 18241
ocl_gtx680_novose 32768 256 1 1 0 8036 6601 12774 174 473 8230 36288
ocl_gtx680_vose 2 256 1 1 0 35 34 27 61 20 65 242
ocl_gtx680_vose 4 256 1 1 0 36 35 28 62 20 66 247
ocl_gtx680_vose 8 256 1 1 0 37 35 28 61 21 67 249
ocl_gtx680_vose 16 256 1 1 0 40 36 29 61 21 69 256
ocl_gtx680_vose 32 256 1 1 0 45 38 32 63 21 71 270
ocl_gtx680_vose 64 256 1 1 0 53 42 54 64 21 81 315
ocl_gtx680_vose 128 256 1 1 0 67 55 80 63 22 138 425
ocl_gtx680_vose 256 256 1 1 0 99 79 130 61 24 244 637
ocl_gtx680_vose 512 256 1 1 0 164 131 231 64 28 462 1080
ocl_gtx680_vose 1024 256 1 1 0 298 233 435 65 36 894 1961
ocl_gtx680_vose 2048 256 1 1 0 551 440 828 68 50 1724 3661
ocl_gtx680_vose 4096 256 1 1 0 1068 848 1627 73 78 3389 7083
ocl_gtx680_vose 8192 256 1 1 0 2110 1667 3223 82 135 6716 13933
ocl_gtx680_vose 16384 256 1 1 0 4216 3296 6414 129 245 13367 27667
ocl_gtx680_vose 32768 256 1 1 0 8507 6580 12893 174 475 26878 55507
ocl_hd7970_novose 2 256 1 1 0 611 733 451 452 378 392 3017
ocl_hd7970_novose 4 256 1 1 0 617 740 454 454 382 404 3051
ocl_hd7970_novose 8 256 1 1 0 633 757 462 457 388 434 3131
ocl_hd7970_novose 16 256 1 1 0 636 758 463 458 390 435 3140
ocl_hd7970_novose 32 256 1 1 0 647 764 465 457 389 437 3159
ocl_hd7970_novose 64 256 1 1 0 662 765 466 455 389 437 3174
ocl_hd7970_novose 128 256 1 1 0 695 774 477 456 389 442 3233
ocl_hd7970_novose 256 256 1 1 0 764 814 527 460 392 475 3432
ocl_hd7970_novose 512 256 1 1 0 893 856 618 481 413 515 3776
ocl_hd7970_novose 1024 256 1 1 0 902 875 664 449 409 544 3843
ocl_hd7970_novose 2048 256 1 1 0 1194 1030 905 460 436 673 4698
ocl_hd7970_novose 4096 256 1 1 0 1777 1336 1367 517 459 897 6353
ocl_hd7970_novose 8192 256 1 1 0 2971 1970 2308 542 545 1374 9710
ocl_hd7970_novose 16384 256 1 1 0 5361 3271 4232 598 684 2319 16465
ocl_hd7970_novose 32768 256 1 1 0 10068 6044 7900 695 923 4565 30195
ocl_hd7970_vose 2 256 1 1 0 609 731 450 452 378 435 3055
ocl_hd7970_vose 4 256 1 1 0 617 739 453 453 381 446 3089
ocl_hd7970_vose 8 256 1 1 0 634 756 461 455 388 474 3168
ocl_hd7970_vose 16 256 1 1 0 635 758 462 456 388 484 3183
ocl_hd7970_vose 32 256 1 1 0 644 762 464 456 388 494 3208
ocl_hd7970_vose 64 256 1 1 0 658 762 465 454 386 496 3221
ocl_hd7970_vose 128 256 1 1 0 692 773 476 454 388 504 3287
ocl_hd7970_vose 256 256 1 1 0 769 812 526 460 391 520 3478
ocl_hd7970_vose 512 256 1 1 0 908 855 616 480 412 592 3863
ocl_hd7970_vose 1024 256 1 1 0 917 870 663 447 406 587 3890
ocl_hd7970_vose 2048 256 1 1 0 1213 1021 900 454 431 716 4735
ocl_hd7970_vose 4096 256 1 1 0 1835 1346 1371 518 459 962 6491
ocl_hd7970_vose 8192 256 1 1 0 3070 1972 2311 536 531 1452 9872
ocl_hd7970_vose 16384 256 1 1 0 5595 3229 4246 599 686 2462 16817
ocl_hd7970_vose 32768 256 1 1 0 10536 6013 7936 702 926 4913 31026
c_i7-2820QM 1 8 1 0 0 0 2 0 0 0 0 2
c_i7-2820QM 1 16 1 0 0 0 2 0 0 0 0 2
c_i7-2820QM 1 32 1 0 0 1 5 0 0 0 0 6
c_i7-2820QM 1 64 1 0 0 2 11 0 0 0 1 14
c_i7-2820QM 1 128 1 0 0 4 23 0 0 0 2 29
c_i7-2820QM 1 256 1 0 1 9 47 0 0 0 5 62
c_i7-2820QM 1 512 1 0 2 19 95 0 0 0 11 127
c_i7-2820QM 1 1024 1 0 5 38 190 0 1 0 24 258
c_i7-2820QM 1 2048 1 0 11 78 381 0 2 0 50 522
c_i7-2820QM 1 4096 1 0 22 158 764 0 4 0 103 1051
c_i7-2820QM 1 8192 1 0 46 316 1530 0 10 0 215 2117
c_i7-2820QM 1 16384 1 0 92 632 3054 0 20 0 444 4242
c_i7-2820QM 1 32768 1 0 186 1260 6078 0 43 0 918 8485
c_i7-2820QM 1 65536 1 0 388 2557 12220 0 103 0 2011 17279
c_i7-2820QM 1 131072 1 0 782 5263 24569 0 348 0 5291 36253
c_i7-2820QM 1 262144 1 0 1557 10558 49172 0 822 0 13450 75559
c_i7-2820QM 1 524288 1 0 3121 21053 98111 0 1576 0 32462 156323
c_i7-2820QM 1 1048576 1 0 6235 42101 196248 0 2960 0 72163 319707
c_i7-2820QM 1 2097152 1 0 12553 84164 392451 0 5805 0 157087 652060
c_i7-2820QM 1 4194304 1 0 0 0 0 0 0 0 0 1329912
c_X5650 1 8 1 0 0 0 1 0 0 0 0 1
c_X5650 1 16 1 0 0 0 3 0 0 0 0 3
c_X5650 1 32 1 0 0 1 7 0 0 0 0 8
c_X5650 1 64 1 0 0 3 14 0 0 0 2 19
c_X5650 1 128 1 0 1 6 30 0 0 0 3 40
c_X5650 1 256 1 0 1 12 62 0 0 0 8 83
c_X5650 1 512 1 0 3 24 125 0 0 0 16 168
c_X5650 1 1024 1 0 7 48 251 0 1 0 33 340
c_X5650 1 2048 1 0 14 96 503 0 2 0 69 684
c_X5650 1 4096 1 0 28 193 1007 0 5 0 143 1376
c_X5650 1 8192 1 0 57 386 2014 0 13 0 305 2775
c_X5650 1 16384 1 0 115 773 4028 0 26 0 648 5590
c_X5650 1 32768 1 0 230 1549 8062 0 51 0 1352 11244
c_X5650 1 65536 1 0 461 3102 16136 0 103 0 2879 22681
c_X5650 1 131072 1 0 935 6236 32347 0 227 0 6105 45850
c_X5650 1 262144 1 0 1861 12606 64765 0 760 0 13735 93727
c_X5650 1 524288 1 0 3718 25202 129458 0 1697 0 33274 193349
c_X5650 1 1048576 1 0 7416 50302 258912 0 3350 0 70867 390847
c_X5650 1 2097152 1 0 14852 100637 517812 0 6594 0 153844 793739
c_X5650 1 4194304 1 0 0 0 0 0 0 0 0 1611939
c_e5-2680 1 256 1 0 1 9 44 0 0 0 5 59
c_e5-2680 1 512 1 0 2 19 90 0 0 0 11 122
c_e5-2680 1 1024 1 0 5 38 182 0 1 0 23 249
c_e5-2680 1 2048 1 0 10 76 365 0 2 0 48 501
c_e5-2680 1 4096 1 0 21 155 731 0 4 0 99 1010
c_e5-2680 1 8192 1 0 44 310 1467 0 10 0 210 2041
c_e5-2680 1 16384 1 0 88 620 2933 0 22 0 440 4103
c_e5-2680 1 32768 1 0 174 1229 5851 0 44 0 910 8208
c_e5-2680 1 65536 1 0 347 2460 11714 0 87 0 1896 16504
c_e5-2680 1 131072 1 0 716 4928 23515 0 175 0 6700 36034
c_e5-2680 1 262144 1 0 1486 9931 47318 0 452 0 18392 77579
c_e5-2680 1 524288 1 0 2940 20195 94815 0 1497 0 38372 157819
c_e5-2680 1 1048576 1 0 5873 40278 189657 0 3068 0 79027 317903
c_e5-2680 1 2097152 1 0 11666 80653 379336 0 5932 0 160605 638192
c_e5-2680 1 4194304 1 0 23332 161312 758710 0 11683 0 326150 1281187
