N m t key val
2048 2 1 t2 40.9
2048 2 1 t3 70.7
2048 2 1 t4 73.8
2048 2 1 t5 141.7
2048 2 1 t6 43.0
2048 2 1 t7 58.0
2048 2 1 total 428.1
2048 4 1 t2 43.1
2048 4 1 t3 74.9
2048 4 1 t4 87.3
2048 4 1 t5 140.9
2048 4 1 t6 44.4
2048 4 1 t7 68.1
2048 4 1 total 458.7
2048 8 1 t2 51.1
2048 8 1 t3 75.0
2048 8 1 t4 118.5
2048 8 1 t5 143.8
2048 8 1 t6 49.3
2048 8 1 t7 84.0
2048 8 1 total 521.7
2048 16 1 t2 66.0
2048 16 1 t3 81.0
2048 16 1 t4 145.1
2048 16 1 t5 143.1
2048 16 1 t6 51.3
2048 16 1 t7 97.0
2048 16 1 total 583.5
2048 32 1 t2 96.2
2048 32 1 t3 93.5
2048 32 1 t4 179.0
2048 32 1 t5 152.8
2048 32 1 t6 52.2
2048 32 1 t7 117.6
2048 32 1 total 691.3
2048 64 1 t2 158.6
2048 64 1 t3 135.0
2048 64 1 t4 285.8
2048 64 1 t5 159.5
2048 64 1 t6 51.7
2048 64 1 t7 169.7
2048 64 1 total 960.3
2048 128 1 t2 283.0
2048 128 1 t3 224.5
2048 128 1 t4 409.0
2048 128 1 t5 166.2
2048 128 1 t6 51.1
2048 128 1 t7 284.3
2048 128 1 total 1418.1
2048 256 1 t2 531.9
2048 256 1 t3 402.3
2048 256 1 t4 716.4
2048 256 1 t5 173.4
2048 256 1 t6 51.7
2048 256 1 t7 568.8
2048 256 1 total 2444.5
2048 512 1 t2 1025.9
2048 512 1 t3 757.2
2048 512 1 t4 1548.0
2048 512 1 t5 174.2
2048 512 1 t6 51.4
2048 512 1 t7 1297.8
2048 512 1 total 4854.5
2048 1024 1 t2 2012.8
2048 1024 1 t3 1468.1
2048 1024 1 t4 3727.7
2048 1024 1 t5 168.7
2048 1024 1 t6 51.0
2048 1024 1 t7 4405.4
2048 1024 1 total 11833.7
