N m t key val
2 256 1 t2 40.55
2 256 1 t3 48.52
2 256 1 t4 37.38
2 256 1 t5 94.71
2 256 1 t6 31.04
2 256 1 t7 33.62
2 256 1 total 285.82
4 256 1 t2 40.79
4 256 1 t3 48.79
4 256 1 t4 37.33
4 256 1 t5 94.74
4 256 1 t6 30.99
4 256 1 t7 33.74
4 256 1 total 286.38
8 256 1 t2 41.06
8 256 1 t3 49.01
8 256 1 t4 38.0
8 256 1 t5 94.77
8 256 1 t6 30.96
8 256 1 t7 34.0
8 256 1 total 287.8
16 256 1 t2 42.0
16 256 1 t3 49.31
16 256 1 t4 38.02
16 256 1 t5 94.86
16 256 1 t6 30.69
16 256 1 t7 34.02
16 256 1 total 288.9
32 256 1 t2 44.37
32 256 1 t3 52.23
32 256 1 t4 41.12
32 256 1 t5 95.38
32 256 1 t6 29.81
32 256 1 t7 36.12
32 256 1 total 299.03
64 256 1 t2 52.4
64 256 1 t3 55.51
64 256 1 t4 49.45
64 256 1 t5 99.25
64 256 1 t6 31.02
64 256 1 t7 44.21
64 256 1 total 331.84
128 256 1 t2 66.64
128 256 1 t3 67.0
128 256 1 t4 84.02
128 256 1 t5 100.55
128 256 1 t6 30.22
128 256 1 t7 68.09
128 256 1 total 416.52
256 256 1 t2 96.77
256 256 1 t3 90.45
256 256 1 t4 125.3
256 256 1 t5 107.73
256 256 1 t6 32.24
256 256 1 t7 100.16
256 256 1 total 552.65
512 256 1 t2 158.9
512 256 1 t3 136.14
512 256 1 t4 212.47
512 256 1 t5 143.21
512 256 1 t6 30.88
512 256 1 t7 169.39
512 256 1 total 850.99
1024 256 1 t2 283.8
1024 256 1 t3 225.1
1024 256 1 t4 379.0
1024 256 1 t5 131.8
1024 256 1 t6 41.2
1024 256 1 t7 302.0
1024 256 1 total 1362.9
2048 256 1 t2 533.0
2048 256 1 t3 403.0
2048 256 1 t4 716.1
2048 256 1 t5 139.6
2048 256 1 t6 55.3
2048 256 1 t7 568.9
2048 256 1 total 2415.9
4096 256 1 t2 1026.6
4096 256 1 t3 760.6
4096 256 1 t4 1388.9
4096 256 1 t5 141.7
4096 256 1 t6 84.0
4096 256 1 t7 1100.9
4096 256 1 total 4502.7
8192 256 1 t2 2012.8
8192 256 1 t3 1468.0
8192 256 1 t4 2731.4
8192 256 1 t5 117.2
8192 256 1 t6 161.3
8192 256 1 t7 2163.3
8192 256 1 total 8654.0
16384 256 1 t2 3995.2
16384 256 1 t3 2898.2
16384 256 1 t4 5418.1
16384 256 1 t5 140.5
16384 256 1 t6 275.4
16384 256 1 t7 4284.4
16384 256 1 total 17011.8
32768 256 1 t2 7951.3
32768 256 1 t3 5742.3
32768 256 1 t4 10793.4
32768 256 1 t5 282.5
32768 256 1 t6 496.5
32768 256 1 t7 8529.2
32768 256 1 total 33795.2
