N m t s key val
2048 512 1 8 t1 735
2048 512 1 8 t2 776
2048 512 1 8 t3 1917
2048 512 1 8 t4 57
2048 512 1 8 t5 92
2048 512 1 8 t6 1362
2048 512 1 8 total 4939
2048 512 1 16 t1 1391
2048 512 1 16 t2 2253
2048 512 1 16 t3 2352
2048 512 1 16 t4 55
2048 512 1 16 t5 160
2048 512 1 16 t6 1680
2048 512 1 16 total 7891
2048 512 1 24 t1 2048
2048 512 1 24 t2 5019
2048 512 1 24 t3 2801
2048 512 1 24 t4 55
2048 512 1 24 t5 229
2048 512 1 24 t6 2023
2048 512 1 24 total 12175
2048 512 1 32 t1 2740
2048 512 1 32 t2 7073
2048 512 1 32 t3 3252
2048 512 1 32 t4 55
2048 512 1 32 t5 297
2048 512 1 32 t6 2339
2048 512 1 32 total 15756
2048 512 1 40 t1 3397
2048 512 1 40 t2 9075
2048 512 1 40 t3 3749
2048 512 1 40 t4 56
2048 512 1 40 t5 366
2048 512 1 40 t6 2716
2048 512 1 40 total 19359
2048 512 1 48 t1 4046
2048 512 1 48 t2 11022
2048 512 1 48 t3 4542
2048 512 1 48 t4 55
2048 512 1 48 t5 437
2048 512 1 48 t6 3136
2048 512 1 48 total 23238
