dev resampling N m r t t1 t2 t3 t4 t5 t6 t7 total
ocl_i7-2820QM novose 2 128 1 1 0 411 68 70 109 67 57 819
ocl_i7-2820QM novose 4 128 1 1 0 403 68 68 106 53 64 773
ocl_i7-2820QM novose 8 128 1 1 0 407 88 80 92 50 65 782
ocl_i7-2820QM novose 16 128 1 1 0 420 121 132 104 74 106 957
ocl_i7-2820QM novose 32 128 1 1 0 449 180 231 130 98 185 1273
ocl_i7-2820QM novose 64 128 1 1 0 708 305 415 218 105 299 2050
ocl_i7-2820QM novose 128 128 1 1 0 1013 551 769 382 112 515 3342
ocl_i7-2820QM novose 256 128 1 1 0 1646 1060 1482 1116 113 971 6388
ocl_i7-2820QM novose 512 128 1 1 0 2902 2091 2938 2868 88 1862 12749
ocl_i7-2820QM novose 1024 128 1 1 0 5655 4314 6112 4695 96 3601 24473
ocl_i7-2820QM novose 2048 128 1 1 0 11170 8466 11966 6003 162 7336 45103
ocl_i7-2820QM novose 4096 128 1 1 0 22309 17564 25141 6291 319 15303 86927
ocl_i7-2820QM novose 8192 128 1 1 0 45089 35432 50228 5712 645 31207 168313
ocl_i7-2820QM novose 16384 128 1 1 0 90723 70573 101500 5416 1275 62285 331772
ocl_i7-2820QM novose 32768 128 1 1 0 182653 141218 202487 5367 2346 124342 658413
ocl_i7-2820QM vose 2 128 1 1 0 496 77 78 110 67 85 940
ocl_i7-2820QM vose 4 128 1 1 0 460 73 70 104 57 91 868
ocl_i7-2820QM vose 8 128 1 1 0 394 88 76 123 40 92 813
ocl_i7-2820QM vose 16 128 1 1 0 415 118 121 100 50 147 951
ocl_i7-2820QM vose 32 128 1 1 0 437 179 218 163 92 267 1356
ocl_i7-2820QM vose 64 128 1 1 0 690 302 376 247 108 459 2182
ocl_i7-2820QM vose 128 128 1 1 0 987 539 703 603 119 848 3799
ocl_i7-2820QM vose 256 128 1 1 0 1586 1029 1351 2100 84 1609 7759
ocl_i7-2820QM vose 512 128 1 1 0 3023 2067 2702 5085 87 3177 16141
ocl_i7-2820QM vose 1024 128 1 1 0 5877 4169 5458 5047 102 6355 27008
ocl_i7-2820QM vose 2048 128 1 1 0 11595 8364 10863 5858 161 12958 49799
ocl_i7-2820QM vose 4096 128 1 1 0 23244 17212 22655 4886 321 26768 95086
ocl_i7-2820QM vose 8192 128 1 1 0 46570 34511 45246 5075 647 54282 186331
ocl_i7-2820QM vose 16384 128 1 1 0 93936 68879 90735 5689 1225 109053 369517
ocl_i7-2820QM vose 32768 128 1 1 0 187398 137386 180918 4639 2343 219609 732293
c_i7-2820QM novose 1 8 1 0 0 0 1 0 0 0 0 1
c_i7-2820QM novose 1 16 1 0 0 0 2 0 0 0 0 2
c_i7-2820QM novose 1 32 1 0 0 1 5 0 0 0 0 6
c_i7-2820QM novose 1 64 1 0 0 2 11 0 0 0 2 15
c_i7-2820QM novose 1 128 1 0 0 4 23 0 0 0 6 33
c_i7-2820QM novose 1 256 1 0 1 9 47 0 0 0 23 80
c_i7-2820QM novose 1 512 1 0 2 20 97 0 0 0 90 209
c_i7-2820QM novose 1 1024 1 0 6 50 240 0 1 0 470 767
c_i7-2820QM novose 1 2048 1 0 10 79 388 0 2 0 1861 2340
c_i7-2820QM novose 1 4096 1 0 21 159 779 0 4 0 7769 8732
c_i7-2820QM novose 1 8192 1 0 42 324 1579 0 10 0 34832 36787
c_i7-2820QM novose 1 16384 1 0 86 642 3134 0 21 0 155433 159316
c_i7-2820QM novose 1 32768 1 0 174 1268 6210 0 43 0 640190 647885
c_i7-2820QM novose 1 65536 1 0 361 2612 12687 0 115 0 2666155 2681930
c_i7-2820QM novose 1 131072 1 0 697 5175 24924 0 324 0 10882515 10913635
c_i7-2820QM novose 1 262144 1 0 1485 10643 50712 0 826 0 62645282 62708948
c_i7-2820QM vose 1 8 1 0 0 0 2 0 0 0 0 2
c_i7-2820QM vose 1 16 1 0 0 0 2 0 0 0 0 2
c_i7-2820QM vose 1 32 1 0 0 1 5 0 0 0 0 6
c_i7-2820QM vose 1 64 1 0 0 2 11 0 0 0 1 14
c_i7-2820QM vose 1 128 1 0 0 4 23 0 0 0 2 29
c_i7-2820QM vose 1 256 1 0 1 9 47 0 0 0 5 62
c_i7-2820QM vose 1 512 1 0 2 19 95 0 0 0 11 127
c_i7-2820QM vose 1 1024 1 0 5 38 190 0 1 0 24 258
c_i7-2820QM vose 1 2048 1 0 11 78 381 0 2 0 50 522
c_i7-2820QM vose 1 4096 1 0 22 158 764 0 4 0 103 1051
c_i7-2820QM vose 1 8192 1 0 46 316 1530 0 10 0 215 2117
c_i7-2820QM vose 1 16384 1 0 92 632 3054 0 20 0 444 4242
c_i7-2820QM vose 1 32768 1 0 186 1260 6078 0 43 0 918 8485
c_i7-2820QM vose 1 65536 1 0 388 2557 12220 0 103 0 2011 17279
c_i7-2820QM vose 1 131072 1 0 782 5263 24569 0 348 0 5291 36253
c_i7-2820QM vose 1 262144 1 0 1557 10558 49172 0 822 0 13450 75559
c_i7-2820QM vose 1 524288 1 0 3121 21053 98111 0 1576 0 32462 156323
c_i7-2820QM vose 1 1048576 1 0 6235 42101 196248 0 2960 0 72163 319707
c_i7-2820QM vose 1 2097152 1 0 12553 84164 392451 0 5805 0 157087 652060
ocl_gtx680 novose 2 256 1 1 0 35 34 28 63 21 24 205
ocl_gtx680 novose 4 256 1 1 0 36 35 28 64 21 24 208
ocl_gtx680 novose 8 256 1 1 0 37 35 28 61 21 25 207
ocl_gtx680 novose 16 256 1 1 0 39 35 29 61 21 26 211
ocl_gtx680 novose 32 256 1 1 0 45 38 32 64 22 28 229
ocl_gtx680 novose 64 256 1 1 0 53 42 54 63 22 36 270
ocl_gtx680 novose 128 256 1 1 0 69 55 80 63 23 55 345
ocl_gtx680 novose 256 256 1 1 0 97 80 132 65 25 87 486
ocl_gtx680 novose 512 256 1 1 0 157 133 232 65 29 152 768
ocl_gtx680 novose 1024 256 1 1 0 282 235 434 65 36 283 1335
ocl_gtx680 novose 2048 256 1 1 0 533 441 836 66 51 543 2470
ocl_gtx680 novose 4096 256 1 1 0 1026 848 1642 73 80 1060 4729
ocl_gtx680 novose 8192 256 1 1 0 2024 1667 3254 83 137 2099 9264
ocl_gtx680 novose 16384 256 1 1 0 4013 3299 6417 133 246 4133 18241
ocl_gtx680 novose 32768 256 1 1 0 8036 6601 12774 174 473 8230 36288
ocl_gtx680 vose 2 256 1 1 0 35 34 27 61 20 65 242
ocl_gtx680 vose 4 256 1 1 0 36 35 28 62 20 66 247
ocl_gtx680 vose 8 256 1 1 0 37 35 28 61 21 67 249
ocl_gtx680 vose 16 256 1 1 0 40 36 29 61 21 69 256
ocl_gtx680 vose 32 256 1 1 0 45 38 32 63 21 71 270
ocl_gtx680 vose 64 256 1 1 0 53 42 54 64 21 81 315
ocl_gtx680 vose 128 256 1 1 0 67 55 80 63 22 138 425
ocl_gtx680 vose 256 256 1 1 0 99 79 130 61 24 244 637
ocl_gtx680 vose 512 256 1 1 0 164 131 231 64 28 462 1080
ocl_gtx680 vose 1024 256 1 1 0 298 233 435 65 36 894 1961
ocl_gtx680 vose 2048 256 1 1 0 551 440 828 68 50 1724 3661
ocl_gtx680 vose 4096 256 1 1 0 1068 848 1627 73 78 3389 7083
ocl_gtx680 vose 8192 256 1 1 0 2110 1667 3223 82 135 6716 13933
ocl_gtx680 vose 16384 256 1 1 0 4216 3296 6414 129 245 13367 27667
ocl_gtx680 vose 32768 256 1 1 0 8507 6580 12893 174 475 26878 55507
ocl_hd7970 novose 2 256 1 1 0 611 733 451 452 378 392 3017
ocl_hd7970 novose 4 256 1 1 0 617 740 454 454 382 404 3051
ocl_hd7970 novose 8 256 1 1 0 633 757 462 457 388 434 3131
ocl_hd7970 novose 16 256 1 1 0 636 758 463 458 390 435 3140
ocl_hd7970 novose 32 256 1 1 0 647 764 465 457 389 437 3159
ocl_hd7970 novose 64 256 1 1 0 662 765 466 455 389 437 3174
ocl_hd7970 novose 128 256 1 1 0 695 774 477 456 389 442 3233
ocl_hd7970 novose 256 256 1 1 0 764 814 527 460 392 475 3432
ocl_hd7970 novose 512 256 1 1 0 893 856 618 481 413 515 3776
ocl_hd7970 novose 1024 256 1 1 0 902 875 664 449 409 544 3843
ocl_hd7970 novose 2048 256 1 1 0 1194 1030 905 460 436 673 4698
ocl_hd7970 novose 4096 256 1 1 0 1777 1336 1367 517 459 897 6353
ocl_hd7970 novose 8192 256 1 1 0 2971 1970 2308 542 545 1374 9710
ocl_hd7970 novose 16384 256 1 1 0 5361 3271 4232 598 684 2319 16465
ocl_hd7970 novose 32768 256 1 1 0 10068 6044 7900 695 923 4565 30195
ocl_hd7970 vose 2 256 1 1 0 609 731 450 452 378 435 3055
ocl_hd7970 vose 4 256 1 1 0 617 739 453 453 381 446 3089
ocl_hd7970 vose 8 256 1 1 0 634 756 461 455 388 474 3168
ocl_hd7970 vose 16 256 1 1 0 635 758 462 456 388 484 3183
ocl_hd7970 vose 32 256 1 1 0 644 762 464 456 388 494 3208
ocl_hd7970 vose 64 256 1 1 0 658 762 465 454 386 496 3221
ocl_hd7970 vose 128 256 1 1 0 692 773 476 454 388 504 3287
ocl_hd7970 vose 256 256 1 1 0 769 812 526 460 391 520 3478
ocl_hd7970 vose 512 256 1 1 0 908 855 616 480 412 592 3863
ocl_hd7970 vose 1024 256 1 1 0 917 870 663 447 406 587 3890
ocl_hd7970 vose 2048 256 1 1 0 1213 1021 900 454 431 716 4735
ocl_hd7970 vose 4096 256 1 1 0 1835 1346 1371 518 459 962 6491
ocl_hd7970 vose 8192 256 1 1 0 3070 1972 2311 536 531 1452 9872
ocl_hd7970 vose 16384 256 1 1 0 5595 3229 4246 599 686 2462 16817
ocl_hd7970 vose 32768 256 1 1 0 10536 6013 7936 702 926 4913 31026
